500 500
2333334 2333335 2333336 2333337 2333338 2333339 2333340 2333341 2333342 2333343 2333344 2333345 2333346 2333347 2333348 2333349 2333350 2333351 2333352 2333353 2333354 2333355 2333356 2333357 2333358 2333359 2333360 2333361 2333362 2333363 2333364 2333365 2333366 2333367 2333368 2333369 2333370 2333371 2333372 2333373 2333374 2333375 2333376 2333377 2333378 2333379 2333380 2333381 2333382 2333383 2333384 2333385 2333386 2333387 2333388 2333389 2333390 2333391 2333392 2333393 2333394 2333395 2333396 2333397 2333398 2333399 2333400 2333401 2333402 2333403 2333404 2333405 2333406 2333407 2333408 2333409 2333410 2333411 2333412 2333413 2333414 2333415 2333416 2333417 2333418 2333419 2333420 2333421 2333422 2333423 2333424 2333425 2333426 2333427 2333428 2333429 2333430 2333431 2333432 2333433 2333434 2333435 2333436 2333437 2333438 2333439 2333440 2333441 2333442 2333443 2333444 2333445 2333446 2333447 2333448 2333449 2333450 2333451 2333452 2333453 2333454 2333455 2333456 2333457 2333458 2333459 2333460 2333461 2333462 2333463 2333464 2333465 2333466 2333467 2333468 2333469 2333470 2333471 2333472 2333473 2333474 2333475 2333476 2333477 2333478 2333479 2333480 2333481 2333482 2333483 2333484 2333485 2333486 2333487 2333488 2333489 2333490 2333491 2333492 2333493 2333494 2333495 2333496 2333497 2333498 2333499 2333500 2333501 2333502 2333503 2333504 2333505 2333506 2333507 2333508 2333509 2333510 2333511 2333512 2333513 2333514 2333515 2333516 2333517 2333518 2333519 2333520 2333521 2333522 2333523 2333524 2333525 2333526 2333527 2333528 2333529 2333530 2333531 2333532 2333533 2333534 2333535 2333536 2333537 2333538 2333539 2333540 2333541 2333706 2333656 2333638 2333543 2333697 2333770 2333657 2333555 2333773 2333676 2333760 2333643 2333728 2333742 2333769 2333798 2333833 2333552 2333649 2333641 2333747 2333586 2333804 2333741 2333777 2333699 2333724 2333692 2333647 2333704 2333573 2333574 2333793 2333571 2333726 2333648 2333568 2333578 2333584 2333635 2333818 2333683 2333792 2333817 2333542 2333580 2333626 2333565 2333548 2333783 2333625 2333713 2333664 2333753 2333759 2333787 2333761 2333607 2333763 2333660 2333810 2333652 2333680 2333828 2333806 2333719 2333581 2333624 2333559 2333594 2333632 2333553 2333675 2333830 2333612 2333650 2333621 2333781 2333585 2333801 2333633 2333751 2333812 2333715 2333712 2333608 2333819 2333811 2333829 2333630 2333794 2333550 2333627 2333739 2333782 2333582 2333736 2333587 2333754 2333766 2333645 2333619 260 2333557 2333575 2333659 2333622 2333689 2333618 2333666 2333703 2333758 2333693 2333815 2333551 2333762 2333800 2333566 2333756 2333640 2333610 2333682 2333628 2333786 2333803 2333667 2333768 21 2333595 2333558 2333774 2333720 2333599 2333694 2333701 2333700 2333752 2333653 2333796 2333789 2333799 2333685 2333554 2333721 2333668 2333831 2333688 2333808 2333710 2333678 2333658 2333743 2333725 2333730 2333765 2333702 2333579 2333681 2333598 2333744 2333750 2333620 2333572 2333690 2333802 2333569 2333613 2333727 2333606 2333560 2333735 2333603 2333695 2333722 2333686 2333780 2333790 2333663 2333601 2333797 2333592 2333723 2333825 2333729 2333746 2333544 2333826 2333563 2333823 2333749 2333677 2333687 2333671 2333767 2333827 2333655 2333809 2333577 2333567 2333591 2333615 330 2333795 2333549 2333623 2333708 2333561 2333629 2333771 2333816 2333616 2333733 2333822 2333709 2333562 2333772 2333732 2333705 2333642 2333609 2333718 2333820 2333611 2333784 2333644 2333778 2333670 2333545 2333785 2333605 2333593 2333654 2333714 2333600 2333737 2333639 2333590 2333546 2333813 2333748 2333662 2333805 2333596 2333757 2333791 2333673 2333740 2333679 2333776 2333583 2333617 2333731 2333665 101 2333637 2333547 2333674 2333814 2333661 2333707 2333716 2333556 2333788 2333646 2333614 2333602 2333604 2333824 2333807 2333651 2333832 2333738 2333597 2333669 2333576 2333672 2333711 2333779 2333745 2333631 2333717 233 2333698 2333691 2333684 2333634 2333764 2333821 2333570 2333755 2333588 2333589 
2 329 331
2 297 307
2 291 391
2 179 279
2 1 101
2 145 245
2 321 421
2 332 361
2 401 486
2 132 160
2 201 301
2 1 101
2 9 109
1 4 104
2 168 268
2 121 221
1 379 479
2 309 383
2 336 436
2 52 152
2 154 254
2 361 442
1 40 140
2 145 245
2 285 385
2 437 441
2 233 333
2 49 149
2 76 176
2 105 205
2 5 32
2 69 169
2 250 350
2 15 66
2 71 171
2 85 185
2 101 201
2 231 311
2 81 81
2 57 157
2 321 354
1 389 441
2 31 131
2 341 441
1 117 217
2 137 177
2 125 225
2 113 213
2 60 160
2 151 251
2 4 104
2 289 389
2 141 241
2 101 201
1 63 86
2 261 346
2 49 61
2 345 365
1 37 137
2 165 265
2 101 201
2 376 401
2 210 291
2 59 159
2 14 114
2 190 290
2 37 137
2 13 113
2 415 483
2 97 165
2 226 296
2 1 101
2 170 270
2 241 321
1 179 190
2 61 123
1 61 161
2 227 327
2 43 143
2 13 113
2 240 340
2 222 322
2 221 321
2 34 134
2 21 121
2 193 293
2 13 89
2 305 405
2 195 295
2 191 291
1 274 374
2 357 457
2 22 113
2 147 247
2 405 427
2 137 237
2 65 165
2 245 311
2 91 191
2 179 279
2 157 257
2 329 421
2 70 170
2 309 321
2 201 237
2 296 396
1 109 137
2 18 118
2 117 171
2 61 161
2 182 282
1 261 361
2 394 493
2 353 376
2 271 371
1 108 208
2 151 251
2 251 298
1 137 237
2 277 321
2 33 133
2 53 153
2 26 126
2 425 486
2 121 201
2 57 157
2 1 101
2 41 85
2 43 143
2 350 396
2 76 176
2 206 306
2 113 213
2 40 140
2 101 201
1 221 281
2 241 333
2 60 160
2 271 371
2 186 286
2 440 442
2 301 401
2 127 161
2 237 241
1 86 186
2 21 121
2 81 151
2 287 387
2 55 155
2 147 247
2 52 152
2 60 160
2 141 241
2 327 338
2 133 233
2 47 147
2 281 339
2 235 335
2 339 341
2 375 421
2 231 331
2 33 85
2 353 453
2 21 121
2 228 328
2 405 415
2 101 201
2 21 121
1 36 136
2 216 316
2 315 415
2 253 301
1 101 201
2 77 177
1 341 441
2 139 239
2 17 96
1 109 209
2 327 421
2 345 445
2 261 361
1 105 205
2 335 376
2 76 121
2 113 116
2 101 201
2 1 29
2 156 200
2 317 337
2 59 159
1 111 211
2 49 149
2 127 227
2 111 211
2 114 132
2 41 141
2 119 147
2 13 113
2 173 273
1 311 411
2 317 367
2 21 121
2 276 281
2 145 193
1 73 173
2 317 380
2 373 391
2 451 485
2 275 375
2 313 413
2 240 326
2 5 105
2 197 247
2 59 159
2 126 182
2 13 113
2 27 127
1 97 197
1 373 425
1 61 161
2 116 216
2 146 246
2 249 303
2 12 112
2 157 257
1 41 141
2 75 175
2 402 491
2 127 227
2 213 313
1 405 480
1 147 247
2 397 489
2 201 301
2 177 277
2 7 107
2 141 241
1 165 265
2 197 297
2 428 492
2 71 116
2 246 346
2 433 467
2 464 482
2 201 301
2 66 166
2 93 193
2 260 360
2 31 95
2 281 381
2 27 127
2 189 289
2 16 116
2 1 101
2 201 301
2 213 313
2 168 268
2 29 129
2 21 121
1 109 209
2 401 464
2 197 211
2 247 347
2 50 150
1 213 313
2 263 269
2 275 375
2 113 213
2 21 121
2 71 171
2 189 197
2 190 226
2 41 141
2 217 317
2 72 172
2 385 433
2 197 297
2 196 296
2 117 217
2 147 241
2 170 270
2 476 497
2 187 287
2 41 127
2 299 399
2 230 330
2 51 79
2 103 145
2 380 391
1 261 361
2 191 291
2 91 121
2 65 165
2 11 111
2 153 253
2 190 290
2 306 351
2 75 175
2 59 159
2 237 337
2 248 348
2 54 154
2 101 201
1 51 107
2 260 360
2 305 351
2 69 169
2 71 171
2 41 141
2 233 333
2 261 335
2 328 428
2 296 345
2 34 134
1 34 134
2 467 476
2 203 303
2 353 453
2 153 253
2 157 257
2 126 139
2 65 165
2 351 415
2 231 261
2 269 369
2 237 337
1 396 455
2 221 246
2 60 129
2 61 161
2 175 275
2 207 285
2 197 297
2 93 193
2 68 168
2 51 151
2 209 309
2 47 106
2 5 105
2 376 383
2 43 143
2 145 245
2 72 105
2 180 280
2 189 289
2 141 241
2 41 114
2 13 95
2 141 159
2 21 121
2 271 320
2 136 167
1 381 437
2 113 168
2 333 343
1 217 317
1 145 245
2 75 175
2 141 241
2 76 176
2 333 433
1 257 313
2 59 159
2 177 277
2 1 101
2 175 275
2 89 101
2 426 461
2 81 101
1 5 105
2 126 226
2 360 409
2 157 257
2 25 30
2 41 67
2 151 251
2 171 271
2 14 71
2 401 414
2 9 109
1 1 101
2 281 381
2 269 369
1 438 456
1 260 346
2 317 417
2 357 405
2 71 171
2 1 77
2 22 122
2 261 361
2 44 121
1 299 362
2 134 234
2 107 207
2 163 251
2 268 368
2 101 201
2 157 257
2 226 326
1 214 314
2 133 207
2 206 251
2 466 475
2 45 145
2 245 261
2 296 381
2 324 341
1 129 229
2 337 401
2 7 107
2 347 406
2 208 308
2 405 477
2 81 181
2 173 217
2 307 404
2 88 188
2 69 169
2 31 131
2 3 103
2 106 206
2 163 237
2 145 217
2 51 151
2 121 221
2 349 365
2 49 149
2 34 134
2 96 151
2 55 155
2 351 359
1 301 308
2 135 189
2 59 159
2 111 211
2 315 415
2 13 65
2 131 201
1 113 130
1 226 326
2 196 296
2 74 174
1 26 126
2 28 128
2 101 201
2 431 491
2 44 144
2 66 166
2 441 461
2 190 290
2 65 165
2 173 273
2 118 218
1 51 151
2 9 109
2 107 127
2 7 107
2 85 141
2 384 409
2 71 171
2 64 116
2 240 340
2 301 401
1 181 281
2 101 201
1 389 411
2 37 137
2 25 125
2 48 117
2 128 228
2 56 156
2 251 317
2 233 274
1 95 195
2 189 289
2 189 289
2 385 476
2 305 405
2 45 145
2 225 245
2 277 377
2 290 390
2 291 380
2 81 181
2 9 109
2 337 357
2 1 101
2 43 143
2 321 371
2 211 311
2 245 345
2 30 115
2 233 333
2 165 265
2 173 241
2 98 198
2 105 205
2 409 434
2 338 438
